1
4.1125
1
4.79121
1
5.23956
Execution time: 0.000000
N = 10
Initial (854833494. 716213306)
Fixed (277032011. 807202676)
Fixed (430818430. 844549427)
Score = 5.239556954659854
1
20.7393
1
21.9357
1
23.0993
1
23.4584
1
24.7545
1
26.8829
Execution time: 90.000000
N = 510
Initial (854833494. 716213306)
Fixed (277032011. 807202676)
Fixed (430818430. 844549427)
Fixed (946868684. 569482345)
Fixed (253477011. 734792426)
Fixed (15778896. 624458924)
Score = 26.882863593452594
1
29.5203
1
29.948
1
30.3166
1
30.4738
1
31.0529
1
31.8893
1
33.8749
1
33.9342
1
34.727
1
35.4653
1
35.4753
1
35.9909
1.2
36.2238
Execution time: 240.000000
N = 1010
Initial (854833494. 716213306)
Fixed (277032011. 807202676)
Fixed (430818430. 844549427)
Fixed (946868684. 569482345)
Fixed (253477011. 734792426)
Fixed (15778896. 624458924)
Score = 36.223831755642735
1
36.0416
1
36.5482
1
36.7128
1
36.7304
1
37.537
1
37.6021
1
39.5001
1
41.1584
1
42.2697
1
42.7908
1
43.286
1
43.303
1.1
44.249
1.2
45.0835
Execution time: 420.000000
N = 1510
Initial (854833494. 716213306)
Fixed (277032011. 807202676)
Fixed (430818430. 844549427)
Fixed (946868684. 569482345)
Fixed (253477011. 734792426)
Fixed (15778896. 624458924)
Score = 45.08351513865411
1
41.3971
1
41.8722
1
43.0731
1
44.1455
1
44.4092
1
46.166
1
46.1786
1
47.9109
1
49.4892
1
49.5937
1.1
49.7375
1.2
49.8791
1.2
50.9188
Execution time: 640.000000
N = 2010
Initial (854833494. 716213306)
Fixed (277032011. 807202676)
Fixed (430818430. 844549427)
Fixed (946868684. 569482345)
Fixed (253477011. 734792426)
Fixed (15778896. 624458924)
Score = 50.91882043028213
1
45.6029
1
45.9339
1
45.9488
1
47.4604
1
48.1182
1
50.2884
1
51.7187
1
53.302
1
53.5703
1
54.6939
1
55.8715
1.1
56.2795
Execution time: 910.000000
N = 2510
Initial (854833494. 716213306)
Fixed (277032011. 807202676)
Fixed (430818430. 844549427)
Fixed (946868684. 569482345)
Fixed (253477011. 734792426)
Fixed (15778896. 624458924)
Score = 56.279542985564
1
48.5063
1
49.709
1
49.831
1
49.9114
1
51.4022
1
53.0487
1
53.2287
1
53.9158
1
56.2701
1
56.8242
1
58.673
1
58.6784
1
59.6211
1
60.1243
1
60.2463
1
62.0065
Execution time: 1170.000000
N = 3010
Initial (854833494. 716213306)
Fixed (277032011. 807202676)
Fixed (430818430. 844549427)
Fixed (946868684. 569482345)
Fixed (253477011. 734792426)
Fixed (15778896. 624458924)
Score = 62.00654292317727
1
52.8617
1
53.288
1
54.8609
1
54.8645
1
55.344
1
56.35
1
58.3845
1
61.063
1
62.5269
1
64.1949
1
64.6136
1
65.4532
1.1
65.8685
Execution time: 1460.000000
N = 3510
Initial (854833494. 716213306)
Fixed (277032011. 807202676)
Fixed (430818430. 844549427)
Fixed (946868684. 569482345)
Fixed (253477011. 734792426)
Fixed (15778896. 624458924)
Score = 65.86849046086382
1
56.6758
1
58.2817
1
61.1111
1
62.7978
1
66.8339
1
68.5702
1
69.2581
1
69.4633
1.1
69.849
1.1
70.3028
1.1
71.5031
Execution time: 1810.000000
N = 4010
Initial (854833494. 716213306)
Fixed (277032011. 807202676)
Fixed (430818430. 844549427)
Fixed (946868684. 569482345)
Fixed (253477011. 734792426)
Fixed (15778896. 624458924)
Score = 71.50308177179684
1
59.7907
1
60.1356
1
60.8183
1
62.0977
1
63.9306
1
64.2861
1
66.9814
1
67.1274
1
70.3729
1
73.3321
1
74.559
1.2
74.9096
Execution time: 2130.000000
N = 4510
Initial (854833494. 716213306)
Fixed (277032011. 807202676)
Fixed (430818430. 844549427)
Fixed (946868684. 569482345)
Fixed (253477011. 734792426)
Fixed (15778896. 624458924)
Score = 74.90960733392205
1
63.5732
1
64.1372
1
64.528
1
66.2678
1
67.3081
1
70.5894
1
71.0677
1
72.0887
1
72.4799
1
74.3452
1
75.4673
1
77.3833
1
77.5291
1.1
78.333
Execution time: 2510.000000
N = 5010
Initial (854833494. 716213306)
Fixed (277032011. 807202676)
Fixed (430818430. 844549427)
Fixed (946868684. 569482345)
Fixed (253477011. 734792426)
Fixed (15778896. 624458924)
Score = 78.33304084963795
1
64.8594
1
66.1496
1
67.0068
1
67.5022
1
67.9424
1
69.7223
1
70.2818
1
73.5082
1
74.4063
1
76.4371
1
77.3633
1
78.9526
1
80.2629
1
81.5061
1.1
82.4876
1.1
82.8547
Execution time: 2910.000000
N = 5510
Initial (854833494. 716213306)
Fixed (277032011. 807202676)
Fixed (430818430. 844549427)
Fixed (946868684. 569482345)
Fixed (253477011. 734792426)
Fixed (15778896. 624458924)
Score = 82.8547484520187
1
68.2695
1
69.8881
1
72.4203
1
73.1715
1
73.6526
1
75.2472
1
76.135
1
80.4176
1
81.7431
1
82.6281
1
84.2193
1
84.7625
1.1
85.4226
1.2
86.4498
Execution time: 3320.000000
N = 6010
Initial (854833494. 716213306)
Fixed (277032011. 807202676)
Fixed (430818430. 844549427)
Fixed (946868684. 569482345)
Fixed (253477011. 734792426)
Fixed (15778896. 624458924)
Score = 86.44984611365136
1
71.8138
1
72.4678
1
74.385
1
74.8731
1
77.3215
1
77.3371
1
80.4859
1
83.0683
1
85.3921
1
86.9072
1
87.0559
1
87.2736
1
87.6103
1.1
88.2896
1.1
88.311
1.2
88.3207
1.2
89.3718
Execution time: 3750.000000
N = 6510
Initial (854833494. 716213306)
Fixed (277032011. 807202676)
Fixed (430818430. 844549427)
Fixed (946868684. 569482345)
Fixed (253477011. 734792426)
Fixed (15778896. 624458924)
Score = 89.37180036665396
1
74.4855
1
75.2184
1
76.4934
1
78.8923
1
78.9678
1
82.826
1
85.4236
1
85.774
1
89.7789
1
91.354
1.1
91.7473
1.2
91.9215
1.2
92.8894
Execution time: 4190.000000
N = 7010
Initial (854833494. 716213306)
Fixed (277032011. 807202676)
Fixed (430818430. 844549427)
Fixed (946868684. 569482345)
Fixed (253477011. 734792426)
Fixed (15778896. 624458924)
Score = 92.88941713417132
1
76.9484
1
77.6641
1
77.6895
1
79.9007
1
83.0582
1
85.0351
1
85.0509
1
89.213
1
91.1025
1
92.8506
1
94.3541
1
94.5609
1.1
94.9271
1.1
95.6821
Execution time: 4630.000000
N = 7510
Initial (854833494. 716213306)
Fixed (277032011. 807202676)
Fixed (430818430. 844549427)
Fixed (946868684. 569482345)
Fixed (253477011. 734792426)
Fixed (15778896. 624458924)
Score = 95.68213111254074
1
79.7344
1
80.8046
1
82.5817
1
85.2644
1
88.1562
1
89.7389
1
92.5155
1
92.6558
1
95.5012
1
97.3324
1
97.9517
1.1
98.368
1.1
99.0974
1.2
99.4133
Execution time: 5130.000000
N = 8010
Initial (854833494. 716213306)
Fixed (277032011. 807202676)
Fixed (430818430. 844549427)
Fixed (946868684. 569482345)
Fixed (253477011. 734792426)
Fixed (15778896. 624458924)
Score = 99.41328847956133
1
82.3121
1
82.9658
1
83.2498
1
83.7515
1
85.0854
1
87.4002
1
90.8001
1
91.5128
1
95.3687
1
95.4321
1
97.52
1
98.2876
1
100.781
1.1
101.078
1.1
102.151
Execution time: 5620.000000
N = 8510
Initial (854833494. 716213306)
Fixed (277032011. 807202676)
Fixed (430818430. 844549427)
Fixed (946868684. 569482345)
Fixed (253477011. 734792426)
Fixed (15778896. 624458924)
Score = 102.1513621285382
1
84.8838
1
85.1753
1
85.5008
1
86.1415
1
86.154
1
90.8139
1
93.515
1
95.3276
1
97.3692
1
97.555
1
101.273
1
102.643
1
102.931
1.1
103.636
1.1
104.433
1.2
104.511
1.2
104.829
Execution time: 6150.000000
N = 9010
Initial (854833494. 716213306)
Fixed (277032011. 807202676)
Fixed (430818430. 844549427)
Fixed (946868684. 569482345)
Fixed (253477011. 734792426)
Fixed (15778896. 624458924)
Score = 104.82917720938846
1
87.0082
1
87.1292
1
87.14
1
89.4548
1
92.4969
1
95.9726
1
99.8108
1
100.635
1
103.24
1
104.087
1
106.342
1.1
106.607
1.1
107.439
Execution time: 6680.000000
N = 9510
Initial (854833494. 716213306)
Fixed (277032011. 807202676)
Fixed (430818430. 844549427)
Fixed (946868684. 569482345)
Fixed (253477011. 734792426)
Fixed (15778896. 624458924)
Score = 107.43941695002692
